program -1 -1 1
nombre? -55 -2 1
; -75 -1 1
var -15 -1 2
int -11 -1 3
: -77 -1 3
uno& -51 -2 3
, -76 -1 3
dos& -51 -2 3
; -75 -1 3
real -12 -1 4
: -77 -1 4
tres% -52 -2 4
; -75 -1 4
string -13 -1 5
: -77 -1 5
cuatro# -53 -2 5
; -75 -1 5
bool -14 -1 6
: -77 -1 6
cinco$ -54 -2 6
; -75 -1 6
begin -2 -1 7
uno& -51 -2 8
:= -26 -1 8
10 -61 -1 8
+ -24 -1 8
( -73 -1 8
39 -61 -1 8
* -21 -1 8
dos& -51 -2 8
) -74 -1 8
; -75 -1 8
cinco$ -54 -2 9
:= -26 -1 9
( -73 -1 9
uno& -51 -2 9
<= -32 -1 9
10 -61 -1 9
) -74 -1 9
; -75 -1 9
if -6 -1 10
( -73 -1 10
uno& -51 -2 10
> -33 -1 10
10 -61 -1 10
) -74 -1 10
then -16 -1 10
begin -2 -1 11
write -5 -1 12
( -73 -1 12
dos& -51 -2 12
) -74 -1 12
; -75 -1 12
end -3 -1 13
else -7 -1 14
begin -2 -1 15
write -5 -1 16
( -73 -1 16
dos& -51 -2 16
) -74 -1 16
; -75 -1 16
cinco$ -54 -2 17
:= -26 -1 17
( -73 -1 17
10 -61 -1 17
* -21 -1 17
( -73 -1 17
89 -61 -1 17
- -25 -1 17
100 -61 -1 17
) -74 -1 17
) -74 -1 17
>= -34 -1 17
( -73 -1 17
dos& -51 -2 17
) -74 -1 17
; -75 -1 17
end -3 -1 18
dos& -51 -2 19
:= -26 -1 19
1 -61 -1 19
; -75 -1 19
while -8 -1 20
( -73 -1 20
dos& -51 -2 20
> -33 -1 20
5 -61 -1 20
) -74 -1 20
do -17 -1 20
begin -2 -1 21
dos& -51 -2 22
:= -26 -1 22
dos& -51 -2 22
+ -24 -1 22
1 -61 -1 22
; -75 -1 22
write -5 -1 23
( -73 -1 23
dos& -51 -2 23
) -74 -1 23
; -75 -1 23
end -3 -1 24
cinco$ -54 -2 25
:= -26 -1 25
false -65 -1 25
; -75 -1 25
repeat -9 -1 26
begin -2 -1 27
dos& -51 -2 28
:= -26 -1 28
dos& -51 -2 28
+ -24 -1 28
2 -61 -1 28
; -75 -1 28
write -5 -1 29
( -73 -1 29
dos& -51 -2 29
) -74 -1 29
; -75 -1 29
read -4 -1 30
( -73 -1 30
tres% -52 -2 30
) -74 -1 30
; -75 -1 30
end -3 -1 31
until -10 -1 32
( -73 -1 32
cinco& -51 -2 32
== -35 -1 32
verdadero& -51 -2 32
) -74 -1 32
; -75 -1 32
end -3 -1 33
