program -1 -1 1
prueba? -55 -2 1
; -75 -1 1
var -15 -1 2
int -11 -1 3
: -77 -1 3
uno& -51 -2 3
, -76 -1 3
dos& -51 -2 3
; -75 -1 3
real -12 -1 4
: -77 -1 4
tres% -52 -2 4
; -75 -1 4
string -13 -1 5
: -77 -1 5
cuatro# -53 -2 5
, -76 -1 5
palabra# -53 -2 5
, -76 -1 5
palabra2# -53 -2 5
; -75 -1 5
bool -14 -1 6
: -77 -1 6
cinco$ -54 -2 6
; -75 -1 6
begin -2 -1 8
uno& -51 -2 9
:= -26 -1 9
10 -61 -1 9
+ -24 -1 9
( -73 -1 9
39 -61 -1 9
* -21 -1 9
dos& -51 -2 9
) -74 -1 9
; -75 -1 9
cinco$ -54 -2 10
:= -26 -1 10
( -73 -1 10
uno& -51 -2 10
<= -32 -1 10
10 -61 -1 10
) -74 -1 10
; -75 -1 10
palabra# -53 -2 11
:= -26 -1 11
"hola" -63 -1 11
; -75 -1 11
palabra2# -53 -2 12
:= -26 -1 12
"mundo" -63 -1 12
; -75 -1 12
write -5 -1 13
( -73 -1 13
uno& -51 -2 13
) -74 -1 13
; -75 -1 13
if -6 -1 15
( -73 -1 15
uno& -51 -2 15
== -35 -1 15
10 -61 -1 15
) -74 -1 15
then -16 -1 15
begin -2 -1 16
end -3 -1 18
while -8 -1 19
( -73 -1 19
uno& -51 -2 19
) -74 -1 19
do -17 -1 19
begin -2 -1 20
uno& -51 -2 21
:= -26 -1 21
uno& -51 -2 21
+ -24 -1 21
1 -61 -1 21
; -75 -1 21
end -3 -1 22
repeat -9 -1 23
begin -2 -1 24
uno& -51 -2 25
:= -26 -1 25
uno& -51 -2 25
+ -24 -1 25
1 -61 -1 25
; -75 -1 25
end -3 -1 26
until -10 -1 27
( -73 -1 27
uno& -51 -2 27
== -35 -1 27
10 -61 -1 27
) -74 -1 27
; -75 -1 27
end -3 -1 29
if -6 -1 31
( -73 -1 31
uno& -51 -2 31
== -35 -1 31
10 -61 -1 31
) -74 -1 31
then -16 -1 31
begin -2 -1 32
