program, -1, -1, 1
prueba?, -55, -2, 1
;, -75, -1, 1
string, -13, -1, 3
cadena#, -53, -2, 3
,, -76, -1, 3
var%, -52, -2, 5
,, -76, -1, 5
v_%, -52, -2, 5
:, -77, -1, 5
real, -12, -1, 5
;, -75, -1, 5
numero&, -51, -2, 6
,, -76, -1, 6
nu2&, -51, -2, 6
:, -77, -1, 6
int, -11, -1, 6
;, -75, -1, 6
logico$, -54, -2, 7
,, -76, -1, 7
log_1_$, -54, -2, 7
:, -77, -1, 7
bool, -14, -1, 7
;, -75, -1, 7
begin, -2, -1, 8
x%, -52, -2, 9
(, -73, -1, 9
numero&, -51, -2, 9
/, -22, -1, 9
1, -61, -1, 9
), -74, -1, 9
*, -21, -1, 9
367, -61, -1, 9
;, -75, -1, 9
(, -73, -1, 12
log_1_$, -54, -2, 12
<=, -32, -1, 12
numero&, -51, -2, 12
), -74, -1, 12
then, -16, -1, 12
begin, -2, -1, 13
v_%, -52, -2, 14
:=, -26, -1, 14
10.34, -62, -1, 14
;, -75, -1, 14
(, -73, -1, 15
log_1_&, -51, -2, 15
&&, -41, -1, 15
logico&, -51, -2, 15
), -74, -1, 15
(, -73, -1, 16
var%, -52, -2, 16
||, -42, -1, 16
!, -43, -1, 16
nu2&, -51, -2, 16
), -74, -1, 16
;, -75, -1, 16
end, -3, -1, 17
else, -7, -1, 18
begin, -2, -1, 19
read, -5, -1, 20
(, -73, -1, 20
n2&, -51, -2, 20
), -74, -1, 20
;, -75, -1, 20
end, -3, -1, 21
repeat, -9, -1, 22
until, -10, -1, 22
write, -4, -1, 24
(, -73, -1, 24
logico$, -54, -2, 24
), -74, -1, 24
;, -75, -1, 24
while, -8, -1, 25
(, -73, -1, 25
), -74, -1, 25
do, -17, -1, 25
while, -8, -1, 26
(, -73, -1, 26
), -74, -1, 26
do, -17, -1, 26
end, -3, -1, 28
