program -1 -1 1
pruebagral? -55 -2 1
; -75 -1 1
var -15 -1 2
real -12 -1 3
: -77 -1 3
suma% -52 -2 3
, -76 -1 3
promedio% -52 -2 3
, -76 -1 3
a_1% -52 -2 3
, -76 -1 3
valor% -52 -2 3
; -75 -1 3
int -11 -1 4
: -77 -1 4
a_1& -51 -2 4
, -76 -1 4
dos& -51 -2 4
, -76 -1 4
tres& -51 -2 4
; -75 -1 4
bool -14 -1 6
: -77 -1 6
valor$ -54 -2 6
, -76 -1 6
b# -53 -2 6
; -75 -1 6
begin -2 -1 8
dos& -51 -2 10
:= -26 -1 10
38.6 -62 -1 10
; -75 -1 10
a_1& -51 -2 11
:= -26 -1 11
( -73 -1 11
10 -61 -1 11
% -27 -1 11
tres& -51 -2 11
) -74 -1 11
/ -22 -1 11
promedio% -52 -2 11
; -75 -1 11
read -4 -1 12
( -73 -1 12
valor$ -54 -2 12
) -74 -1 12
; -75 -1 12
if -6 -1 14
( -73 -1 14
dos& -51 -2 14
>= -34 -1 14
tres& -51 -2 14
&& -41 -1 14
b$ -54 -2 14
== -35 -1 14
true -64 -1 14
) -74 -1 14
then -16 -1 14
begin -2 -1 15
write -5 -1 16
( -73 -1 16
"mayor" -63 -1 16
) -74 -1 16
; -75 -1 16
end -3 -1 17
else -7 -1 18
begin -2 -1 19
read -4 -1 20
( -73 -1 20
a_1& -51 -2 20
) -74 -1 20
; -75 -1 20
end -3 -1 21
read -4 -1 23
( -73 -1 23
dos& -51 -2 23
) -74 -1 23
; -75 -1 23
repeat -9 -1 25
begin -2 -1 26
tres& -51 -2 27
:= -26 -1 27
dos& -51 -2 27
* -21 -1 27
45 -61 -1 27
/ -22 -1 27
23 -61 -1 27
; -75 -1 27
write -5 -1 28
( -73 -1 28
tres& -51 -2 28
) -74 -1 28
; -75 -1 28
if -6 -1 29
( -73 -1 29
dos& -51 -2 29
>= -34 -1 29
tres& -51 -2 29
&& -41 -1 29
b$ -54 -2 29
== -35 -1 29
true -64 -1 29
) -74 -1 29
then -16 -1 29
begin -2 -1 30
write -5 -1 31
( -73 -1 31
"mayor" -63 -1 31
) -74 -1 31
; -75 -1 31
end -3 -1 32
read -4 -1 33
( -73 -1 33
dos& -51 -2 33
) -74 -1 33
; -75 -1 33
end -3 -1 34
until -10 -1 35
( -73 -1 35
dos& -51 -2 35
> -33 -1 35
100 -61 -1 35
) -74 -1 35
; -75 -1 35
end -3 -1 37
